00000000000000000000000000000000000000000000000000
00010000000000000000000000000000000000000000000000
00001000000000000000000000000000000000000000000000
00111000000000000000000000000000000000000000000000
00000000000000000000000000000000000000000000000000
00000000000000000000000000000000000010000000000000
00000000000000000000000000000000000001000000000000
00000000000000000000000000000000000111000000000000
00000000000000000000000000000000000000000000000000
00000000000000000000000000000000000000000000000000
00000000000000000000000000000000000000000000000000
00000000000000000000000000000000000000000000000000
00000000000000000000000000000000000000000000000000
00000000000000000000000000000000000000000000000000
00000000000000000000000000000000000000000000000000
00000000000000000000000000000000000000000000000000
00000000000000000000000000000000000000000000000000
00000000000000000000000000000000000000000000000001
00000000000000000000000000000000000000000000000001
00000000000000000000000000000000000000000000000001
00000000000000000000000000000000000000000000000001
00000000000000000000000000000000000000000000000001
00000000000000000000000000000000000000000000000001
00000000000000000000000000000000000000000000000001
00000000000000000000000000000000000000000000000001
00000000000000000000000000000000000000000000000001
