11111111111111111111111111111111111111111111111111111111111
11111111111111111111111111111111111111111111111111111111111
11111111111111111111111111111111111111111111111111111111111
11111111111111111111111111111111111111111111111111111111111
11111111111111111111111111111111111111111111111111111111111
11111111111111111111111111111111111111111111111111111111111
11111111111111111111111111111111111111111111111111111111111
11111111111111111111111111111111111111111111111111111111111
11111101101111111111111111111111111111111111111111111111111
11111111111111111111111111111111111111111111111111111111111
11111111111111111111111111111111111111111111111111111111111
11111111111111111111111111111111111111111111111111111111111
11111111111111111111111111111111111111111111111111111111111
11111111111111111111111111111111111111111111111111111111111
11111111111111111111111111111111111111111111111111111111111
11111111111111111111111111111111111111111111111111111111111
11111111111111111111111111111111111111111111111111111111111
11111111111111111111111111111111111111111111111111111111111
11111111111111111111111111111111111111111111111111111111111
11111111111111111111111111111111111111111111111111111111111
11111111111111111111111111111111111111111111111111111111111
11111111111111111111111111111111111111111111111111111111111
11111111111111111111111111111111111111111111111111111111111
11111111111111111111111111111111111111111111111111111111111
11111111111111111111111111111111111111111111111111111111111
11111111111111111111111111111111111111111111111111111111111
11111111111111111111111111111111111111111111111111111111111
11111111111111111111111111111111111111111111111111111111111
11111111111111111111111111111111111111111111111111111111111
11111111111111111111111111111111111111111111111111111111111
11111111111111111111111111111111111111111111111111111111111
11111111111111111111111111111111111111111111111111111111111
11111111111111111111111111111111111111111111111111111111111
11111111111111111111111111111111111111111111111111111111111
11111111111111111111111111111111111111111111111111111111111
11111111111111111111111111111111111111111111111111111111111
11111111111111111111111111111111111111111111111111111111111
11111111111111111111111111111111111111111111111111111111111
